3557 3360 0 5
3558 9424 0 0
3560 1251 0 5
3555 9426 0 0
3556 9425 0 0
3554 9045 0 5
3557 0 0 0
3558 0 0 0
3560 8174 0 0
3555 0 0 0
3556 0 0 0
3554 0 0 0
3559 9426 0 0
3553 8283 0 5
3552 555 0 5
3551 9433 0 0
3557 6063 0 5
3558 0 0 0
3560 0 0 0
3555 0 0 0
3556 0 0 0
3554 383 0 0
3559 0 0 0
3553 1148 0 0
3552 8875 0 0
3551 0 0 0
3550 9431 0 0
3557 0 0 0
3558 0 0 0
3560 0 0 0
3555 0 0 0
3556 0 0 0
3554 0 0 0
3559 0 0 0
3553 0 0 0
3552 0 0 0
3551 0 0 0
3550 0 0 0
3557 0 0 0
3558 0 0 0
3560 0 0 0
3555 0 0 0
3556 0 0 0
3554 0 0 0
3559 0 0 0
3553 0 0 0
3552 0 0 0
3551 0 0 0
3550 0 0 0
3557 0 0 0
3558 0 0 0
3560 0 0 0
3555 0 0 0
3556 0 0 0
3554 0 0 0
3559 0 0 0
3553 0 0 0
3552 0 0 0
3551 0 0 0
3550 0 0 0
3557 0 0 0
3558 0 0 0
3560 0 0 0
3555 0 0 0
3556 0 0 0
3554 0 0 0
3559 0 0 0
3553 0 0 0
3552 0 0 0
3551 0 0 0
3550 0 0 0
3557 0 0 0
3558 0 0 0
3560 0 0 0
3555 0 0 0
3556 0 0 0
3554 0 0 0
3559 0 0 0
3553 0 0 0
3552 0 0 0
3551 0 0 0
3550 0 0 0
3557 0 0 0
3558 0 0 0
3560 0 0 0
3555 0 0 0
3556 0 0 0
3554 0 0 0
3559 0 0 0
3553 0 0 0
3552 0 0 0
3551 0 0 0
3550 0 0 0
3557 0 0 0
3558 0 0 0
3560 0 0 0
3555 0 0 0
3556 0 0 0
3554 0 0 0
3559 0 0 0
3553 0 0 0
3552 0 0 0
3551 0 0 0
3550 0 0 0
3557 0 0 0
3558 0 0 0
3560 0 0 0
3555 0 0 0
3556 0 0 0
3554 0 0 0
3559 0 0 0
3553 0 0 0
3552 0 0 0
3551 0 0 0
3550 0 0 0
3557 0 0 0
3558 0 0 0
3560 0 0 0
3555 0 0 0
3556 0 0 0
3554 0 0 0
3559 0 0 0
3553 0 0 0
3552 0 0 0
3551 0 0 0
3550 0 0 0
3557 0 0 0
3558 0 0 0
3560 0 0 0
3555 0 0 0
3556 0 0 0
3554 0 0 0
3559 0 0 0
3553 0 0 0
3552 0 0 0
3551 0 0 0
3550 0 0 0
3557 0 0 0
3558 0 0 0
3560 0 0 0
3555 0 0 0
3556 0 0 0
3554 0 0 0
3559 0 0 0
3553 0 0 0
3552 0 0 0
3551 0 0 0
3550 0 0 0
3557 0 0 0
3558 0 0 0
3560 0 0 0
3555 0 0 0
3556 0 0 0
3554 0 0 0
3559 0 0 0
3553 0 0 0
3552 0 0 0
3551 0 0 0
3550 0 0 0
3557 0 0 0
3558 0 0 0
3560 0 0 0
3555 0 0 0
3556 0 0 0
3554 0 0 0
3559 0 0 0
3553 0 0 0
3552 0 0 0
3551 0 0 0
3550 0 0 0
3557 0 0 0
3558 0 0 0
3560 0 0 0
3555 0 0 0
3556 0 0 0
3554 0 0 0
3559 0 0 0
3553 0 0 0
3552 0 0 0
3551 0 0 0
3550 0 0 0
3557 0 0 0
3558 0 0 0
3560 0 0 0
3555 0 0 0
3556 0 0 0
3554 0 0 0
3559 0 0 0
3553 0 0 0
3552 0 0 0
3551 0 0 0
3550 0 0 0
3557 0 0 0
3558 0 0 0
3560 0 0 0
3555 0 0 0
3556 0 0 0
3554 0 0 0
3559 0 0 0
3553 0 0 0
3552 0 0 0
3551 0 0 0
3550 0 0 0
3557 0 0 0
3558 7425 0 5
3560 0 0 0
3555 7425 0 0
3556 7425 0 0
3554 0 0 0
3559 0 0 0
3553 0 0 0
3552 0 0 0
3551 0 0 0
3550 0 0 0
3557 0 0 0
3558 0 0 0
3560 7425 0 0
3555 0 0 0
3556 0 0 0
3554 0 0 0
3559 7425 0 0
3553 0 0 0
3552 0 0 0
3551 7425 0 0
3550 0 0 0
3557 4132 0 5
3558 0 0 0
3560 0 0 0
3555 0 0 0
3556 0 0 0
3554 7425 0 0
3559 0 0 0
3553 3526 0 5
3552 7425 0 0
3551 0 0 0
3550 7425 0 0
3557 3293 0 0
3558 0 0 0
3560 0 0 0
3555 0 0 0
3556 0 0 0
3554 0 0 0
3559 0 0 0
3553 3899 0 0
3552 0 0 0
3551 0 0 0
3550 0 0 0
3557 0 0 0
3558 0 0 0
3560 0 0 0
3555 0 0 0
3556 0 0 0
3554 0 0 0
3559 0 0 0
3553 0 0 0
3552 0 0 0
3551 0 0 0
3550 0 0 0
3557 0 0 0
3558 0 0 0
3560 0 0 0
3555 0 0 0
3556 0 0 0
3554 0 0 0
3559 0 0 0
3553 0 0 0
3552 0 0 0
3551 0 0 0
3550 0 0 0
3557 0 0 0
3558 0 0 0
3560 0 0 0
3555 0 0 0
3556 0 0 0
3554 0 0 0
3559 0 0 0
3553 0 0 0
3552 0 0 0
3551 0 0 0
3550 0 0 0
3557 0 0 0
3558 0 0 0
3560 0 0 0
3555 0 0 0
3556 0 0 0
3554 0 0 0
3559 0 0 0
3553 0 0 0
3552 0 0 0
3551 0 0 0
3550 0 0 0
3557 0 0 0
3558 0 0 0
3560 0 0 0
3555 0 0 0
3556 0 0 0
3554 0 0 0
3559 0 0 0
3553 0 0 0
3552 0 0 0
3551 0 0 0
3550 0 0 0
3557 0 0 0
3558 0 0 0
3560 0 0 0
3555 0 0 0
3556 0 0 0
3554 0 0 0
3559 0 0 0
3553 0 0 0
3552 0 0 0
3551 0 0 0
3550 0 0 0
3557 0 0 0
3558 0 0 0
3560 0 0 0
3555 0 0 0
3556 0 0 0
3554 0 0 0
3559 0 0 0
3553 0 0 0
3552 0 0 0
3551 0 0 0
3550 0 0 0
3557 0 0 0
3558 0 0 0
3560 0 0 0
3555 0 0 0
3556 0 0 0
3554 0 0 0
3559 0 0 0
3553 0 0 0
3552 0 0 0
3551 0 0 0
3550 0 0 0
3557 0 0 0
3558 0 0 0
3560 0 0 0
3555 0 0 0
3556 0 0 0
3554 0 0 0
3559 0 0 0
3553 0 0 0
3552 0 0 0
3551 0 0 0
3550 0 0 0
3557 0 0 0
3558 0 0 0
3560 0 0 0
3555 0 0 0
3556 0 0 0
3554 0 0 0
3559 0 0 0
3553 0 0 0
3552 0 0 0
3551 0 0 0
3550 0 0 0
3557 0 0 0
3558 0 0 0
3560 0 0 0
3555 0 0 0
3556 0 0 0
3554 0 0 0
3559 0 0 0
3553 0 0 0
3552 0 0 0
3551 0 0 0
3550 0 0 0
3557 0 0 0
3558 0 0 0
3560 0 0 0
3555 0 0 0
3556 0 0 0
3554 0 0 0
3559 0 0 0
3553 0 0 0
3552 0 0 0
3551 0 0 0
3550 0 0 0
3557 0 0 0
3558 0 0 0
3560 0 0 0
3555 0 0 0
3556 0 0 0
3554 0 0 0
3559 0 0 0
3553 0 0 0
3552 0 0 0
3551 0 0 0
3550 0 0 0
3557 0 0 0
3558 0 0 0
3560 0 0 0
3555 0 0 0
3556 0 0 0
3554 0 0 0
3559 0 0 0
3553 0 0 0
3552 0 0 0
3551 0 0 0
3550 0 0 0
3557 0 0 0
3558 0 0 0
3560 0 0 0
3555 0 0 0
3556 0 0 0
3554 0 0 0
3559 0 0 0
3553 0 0 0
3552 0 0 0
3551 0 0 0
3550 0 0 0
3557 0 0 0
3558 6047 0 5
3560 0 0 0
3555 4720 0 10
3556 0 0 0
3554 0 0 0
3559 0 0 0
3553 0 0 0
3552 0 0 0
3551 0 0 0
3550 0 0 0
3557 0 0 0
3558 0 0 0
3560 6047 0 0
3555 1327 0 0
3556 6047 0 0
3554 0 0 0
3559 6047 0 0
3553 0 0 0
3552 0 0 0
3551 6047 0 0
3550 0 0 0
3557 6047 0 0
3558 0 0 0
3560 0 0 0
3555 0 0 0
3556 0 0 0
3554 6047 0 5
3559 0 0 0
3553 0 0 0
3552 6047 0 0
3551 0 0 0
3550 6047 0 0
3557 0 0 0
3558 0 0 0
3560 0 0 0
3555 0 0 0
3556 0 0 0
3554 0 0 0
3559 0 0 0
3553 6047 0 0
3552 0 0 0
3551 0 0 0
3550 0 0 0
3557 0 0 0
3558 0 0 0
3560 0 0 0
3555 0 0 0
3556 0 0 0
3554 0 0 0
3559 0 0 0
3553 0 0 0
3552 0 0 0
3551 0 0 0
3550 0 0 0
3557 0 0 0
3558 0 0 0
3560 0 0 0
3555 0 0 0
3556 0 0 0
3554 0 0 0
3559 0 0 0
3553 0 0 0
3552 0 0 0
3551 0 0 0
3550 0 0 0
3557 0 0 0
3558 0 0 0
3560 0 0 0
3555 0 0 0
3556 0 0 0
3554 0 0 0
3559 0 0 0
3553 0 0 0
3552 0 0 0
3551 0 0 0
3550 0 0 0
3557 0 0 0
3558 0 0 0
3560 0 0 0
3555 0 0 0
3556 0 0 0
3554 0 0 0
3559 0 0 0
3553 0 0 0
3552 0 0 0
3551 0 0 0
3550 0 0 0
3557 0 0 0
3558 0 0 0
3560 0 0 0
3555 0 0 0
3556 0 0 0
3554 0 0 0
3559 0 0 0
3553 0 0 0
3552 0 0 0
3551 0 0 0
3550 0 0 0
3557 0 0 0
3558 0 0 0
3560 0 0 0
3555 0 0 0
3556 0 0 0
3554 0 0 0
3559 0 0 0
3553 0 0 0
3552 0 0 0
3551 0 0 0
3550 0 0 0
3557 0 0 0
3558 0 0 0
3560 0 0 0
3555 0 0 0
3556 0 0 0
3554 0 0 0
3559 0 0 0
3553 0 0 0
3552 0 0 0
3551 0 0 0
3550 0 0 0
3557 0 0 0
3558 0 0 0
3560 0 0 0
3555 0 0 0
3556 0 0 0
3554 0 0 0
3559 0 0 0
3553 0 0 0
3552 0 0 0
3551 0 0 0
3550 0 0 0
3557 0 0 0
3558 0 0 0
3560 0 0 0
3555 0 0 0
3556 0 0 0
3554 0 0 0
3559 0 0 0
3553 0 0 0
3552 0 0 0
3551 0 0 0
3550 0 0 0
3557 0 0 0
3558 0 0 0
3560 0 0 0
3555 0 0 0
3556 0 0 0
3554 0 0 0
3559 0 0 0
3553 0 0 0
3552 0 0 0
3551 0 0 0
3550 0 0 0
3557 0 0 0
3558 0 0 0
3560 0 0 0
3555 0 0 0
3556 0 0 0
3554 0 0 0
3559 0 0 0
3553 0 0 0
3552 0 0 0
3551 0 0 0
3550 0 0 0
3557 0 0 0
3558 0 0 0
3560 0 0 0
3555 0 0 0
3556 0 0 0
3554 0 0 0
3559 0 0 0
3553 0 0 0
3552 0 0 0
3551 0 0 0
3550 0 0 0
3557 0 0 0
3558 0 0 0
3560 0 0 0
3555 0 0 0
3556 0 0 0
3554 0 0 0
3559 0 0 0
3553 0 0 0
3552 0 0 0
3551 0 0 0
3550 0 0 0
3557 0 0 0
3558 0 0 0
3560 0 0 0
3555 0 0 0
3556 0 0 0
3554 0 0 0
3559 0 0 0
3553 0 0 0
3552 0 0 0
3551 0 0 0
3550 0 0 0
3557 0 0 0
3558 0 0 0
3560 0 0 0
3555 0 0 0
3556 0 0 0
3554 0 0 0
3559 0 0 0
3553 0 0 0
3552 0 0 0
3551 0 0 0
3550 0 0 0
3557 0 0 0
3558 5055 0 5
3560 0 0 0
3555 0 0 0
3556 5055 0 0
3554 0 0 0
3559 0 0 0
3553 0 0 0
3552 0 0 0
3551 0 0 0
3550 0 0 0
3557 0 0 0
3558 0 0 0
3560 5055 0 0
3555 5055 0 0
3556 0 0 0
3554 0 0 0
3559 5055 0 0
3553 0 0 0
3552 0 0 0
3551 5055 0 0
3550 0 0 0
3557 5055 0 0
3558 0 0 0
3560 0 0 0
3555 0 0 0
3556 0 0 0
3554 5055 0 0
3559 0 0 0
3553 0 0 0
3552 5055 0 0
3551 0 0 0
3550 5055 0 0
3557 0 0 0
3558 0 0 0
3560 0 0 0
3555 0 0 0
3556 0 0 0
3554 0 0 0
3559 0 0 0
3553 5055 0 0
3552 0 0 0
3551 0 0 0
3550 0 0 0
3557 0 0 0
3558 0 0 0
3560 0 0 0
3555 0 0 0
3556 0 0 0
3554 0 0 0
3559 0 0 0
3553 0 0 0
3552 0 0 0
3551 0 0 0
3550 0 0 0
3557 0 0 0
3558 0 0 0
3560 0 0 0
3555 0 0 0
3556 0 0 0
3554 0 0 0
3559 0 0 0
3553 0 0 0
3552 0 0 0
3551 0 0 0
3550 0 0 0
3557 0 0 0
3558 0 0 0
3560 0 0 0
3555 0 0 0
3556 0 0 0
3554 0 0 0
3559 0 0 0
3553 0 0 0
3552 0 0 0
3551 0 0 0
3550 0 0 0
3557 0 0 0
3558 0 0 0
3560 0 0 0
3555 0 0 0
3556 0 0 0
3554 0 0 0
3559 0 0 0
3553 0 0 0
3552 0 0 0
3551 0 0 0
3550 0 0 0
3557 0 0 0
3558 0 0 0
3560 0 0 0
3555 0 0 0
3556 0 0 0
3554 0 0 0
3559 0 0 0
3553 0 0 0
3552 0 0 0
3551 0 0 0
3550 0 0 0
3557 0 0 0
3558 0 0 0
3560 0 0 0
3555 0 0 0
3556 0 0 0
3554 0 0 0
3559 0 0 0
3553 0 0 0
3552 0 0 0
3551 0 0 0
3550 0 0 0
3557 0 0 0
3558 0 0 0
3560 0 0 0
3555 0 0 0
3556 0 0 0
3554 0 0 0
3559 0 0 0
3553 0 0 0
3552 0 0 0
3551 0 0 0
3550 0 0 0
3557 0 0 0
3558 0 0 0
3560 0 0 0
3555 0 0 0
3556 0 0 0
3554 0 0 0
3559 0 0 0
3553 0 0 0
3552 0 0 0
3551 0 0 0
3550 0 0 0
3557 0 0 0
3558 0 0 0
3560 0 0 0
3555 0 0 0
3556 0 0 0
3554 0 0 0
3559 0 0 0
3553 0 0 0
3552 0 0 0
3551 0 0 0
3550 0 0 0
3557 0 0 0
3558 0 0 0
3560 0 0 0
3555 0 0 0
3556 0 0 0
3554 0 0 0
3559 0 0 0
3553 0 0 0
3552 0 0 0
3551 0 0 0
3550 0 0 0
3557 0 0 0
3558 0 0 0
3560 0 0 0
3555 0 0 0
3556 0 0 0
3554 0 0 0
3559 0 0 0
3553 0 0 0
3552 0 0 0
3551 0 0 0
3550 0 0 0
3557 0 0 0
3558 0 0 0
3560 0 0 0
3555 0 0 0
3556 0 0 0
3554 0 0 0
3559 0 0 0
3553 0 0 0
3552 0 0 0
3551 0 0 0
3550 0 0 0
3557 0 0 0
3558 0 0 0
3560 0 0 0
3555 0 0 0
3556 0 0 0
3554 0 0 0
3559 0 0 0
3553 0 0 0
3552 0 0 0
3551 0 0 0
3550 0 0 0
3557 0 0 0
3558 0 0 0
3560 0 0 0
3555 0 0 0
3556 0 0 0
3554 0 0 0
3559 0 0 0
3553 0 0 0
3552 0 0 0
3551 0 0 0
3550 0 0 0
3557 0 0 0
3558 0 0 0
3560 0 0 0
3555 0 0 0
3556 0 0 0
3554 0 0 0
3559 0 0 0
3553 0 0 0
3552 0 0 0
3551 0 0 0
3550 0 0 0
3557 0 0 0
3558 4100 0 5
3560 0 0 0
3555 0 0 0
3556 0 0 0
3554 0 0 0
3559 0 0 0
3553 0 0 0
3552 0 0 0
3551 0 0 0
3550 0 0 0
3557 0 0 0
3558 0 0 0
3560 0 0 0
3555 4100 0 0
3556 4100 0 5
3554 0 0 0
3559 3844 0 5
3553 0 0 0
3552 0 0 0
3551 0 0 0
3550 0 0 0
3557 4100 0 0
3558 0 0 0
3560 4100 0 0
3555 0 0 0
3556 0 0 0
3554 4100 0 0
3559 256 0 0
3553 0 0 0
3552 4100 0 5
3551 4100 0 0
3550 4100 0 0
3557 0 0 0
3558 0 0 0
3560 0 0 0
3555 0 0 0
3556 0 0 0
3554 0 0 0
3559 0 0 0
3553 4100 0 0
3552 0 0 0
3551 0 0 0
3550 0 0 0
3557 0 0 0
3558 0 0 0
3560 0 0 0
3555 0 0 0
3556 0 0 0
3554 0 0 0
3559 0 0 0
3553 0 0 0
3552 0 0 0
3551 0 0 0
3550 0 0 0
3557 0 0 0
3558 0 0 0
3560 0 0 0
3555 0 0 0
3556 0 0 0
3554 0 0 0
3559 0 0 0
3553 0 0 0
3552 0 0 0
3551 0 0 0
3550 0 0 0
3557 0 0 0
3558 0 0 0
3560 0 0 0
3555 0 0 0
3556 0 0 0
3554 0 0 0
3559 0 0 0
3553 0 0 0
3552 0 0 0
3551 0 0 0
3550 0 0 0
3557 0 0 0
3558 0 0 0
3560 0 0 0
3555 0 0 0
3556 0 0 0
3554 0 0 0
3559 0 0 0
3553 0 0 0
3552 0 0 0
3551 0 0 0
3550 0 0 0
3557 0 0 0
3558 0 0 0
3560 0 0 0
3555 0 0 0
3556 0 0 0
3554 0 0 0
3559 0 0 0
3553 0 0 0
3552 0 0 0
3551 0 0 0
3550 0 0 0
3557 0 0 0
3558 0 0 0
3560 0 0 0
3555 0 0 0
3556 0 0 0
3554 0 0 0
3559 0 0 0
3553 0 0 0
3552 0 0 0
3551 0 0 0
3550 0 0 0
3557 0 0 0
3558 0 0 0
3560 0 0 0
3555 0 0 0
3556 0 0 0
3554 0 0 0
3559 0 0 0
3553 0 0 0
3552 0 0 0
3551 0 0 0
3550 0 0 0
3557 0 0 0
3558 0 0 0
3560 0 0 0
3555 0 0 0
3556 0 0 0
3554 0 0 0
3559 0 0 0
3553 0 0 0
3552 0 0 0
3551 0 0 0
3550 0 0 0
3557 0 0 0
3558 0 0 0
3560 0 0 0
3555 0 0 0
3556 0 0 0
3554 0 0 0
3559 0 0 0
3553 0 0 0
3552 0 0 0
3551 0 0 0
3550 0 0 0
3557 0 0 0
3558 0 0 0
3560 0 0 0
3555 0 0 0
3556 0 0 0
3554 0 0 0
3559 0 0 0
3553 0 0 0
3552 0 0 0
3551 0 0 0
3550 0 0 0
3557 0 0 0
3558 0 0 0
3560 0 0 0
3555 0 0 0
3556 0 0 0
3554 0 0 0
3559 0 0 0
3553 0 0 0
3552 0 0 0
3551 0 0 0
3550 0 0 0
3557 0 0 0
3558 0 0 0
3560 0 0 0
3555 0 0 0
3556 0 0 0
3554 0 0 0
3559 0 0 0
3553 0 0 0
3552 0 0 0
3551 0 0 0
3550 0 0 0
3557 0 0 0
3558 0 0 0
3560 0 0 0
3555 0 0 0
3556 0 0 0
3554 0 0 0
3559 0 0 0
3553 0 0 0
3552 0 0 0
3551 0 0 0
3550 0 0 0
3557 0 0 0
3558 0 0 0
3560 0 0 0
3555 0 0 0
3556 0 0 0
3554 0 0 0
3559 0 0 0
3553 0 0 0
3552 0 0 0
3551 0 0 0
3550 0 0 0
3557 0 0 0
3558 0 0 0
3560 0 0 0
3555 0 0 0
3556 0 0 0
3554 0 0 0
3559 0 0 0
3553 0 0 0
3552 0 0 0
3551 0 0 0
3550 0 0 0
3557 0 0 0
3558 3438 0 10
3560 0 0 0
3555 0 0 0
3556 0 0 0
3554 0 0 0
3559 0 0 0
3553 0 0 0
3552 0 0 0
3551 0 0 0
3550 0 0 0
3557 0 0 0
3558 0 0 0
3560 3438 0 0
3555 3438 0 0
3556 3438 0 5
3554 0 0 0
3559 0 0 0
3553 0 0 0
3552 0 0 0
3551 0 0 0
3550 0 0 0
3557 3438 0 0
3558 0 0 0
3560 0 0 0
3555 0 0 0
3556 0 0 0
3554 3438 0 5
3559 3438 0 0
3553 3438 0 0
3552 3438 0 0
3551 3438 0 0
3550 3438 0 0
3557 0 0 0
3558 0 0 0
3560 0 0 0
3555 0 0 0
3556 0 0 0
3554 0 0 0
3559 0 0 0
3553 0 0 0
3552 0 0 0
3551 0 0 0
3550 0 0 0
3557 0 0 0
3558 0 0 0
3560 0 0 0
3555 0 0 0
3556 0 0 0
3554 0 0 0
3559 0 0 0
3553 0 0 0
3552 0 0 0
3551 0 0 0
3550 0 0 0
3557 0 0 0
3558 0 0 0
3560 0 0 0
3555 0 0 0
3556 0 0 0
3554 0 0 0
3559 0 0 0
3553 0 0 0
3552 0 0 0
3551 0 0 0
3550 0 0 0
3557 0 0 0
3558 0 0 0
3560 0 0 0
3555 0 0 0
3556 0 0 0
3554 0 0 0
3559 0 0 0
3553 0 0 0
3552 0 0 0
3551 0 0 0
3550 0 0 0
3557 0 0 0
3558 0 0 0
3560 0 0 0
3555 0 0 0
3556 0 0 0
3554 0 0 0
3559 0 0 0
3553 0 0 0
3552 0 0 0
3551 0 0 0
3550 0 0 0
3557 0 0 0
3558 0 0 0
3560 0 0 0
3555 0 0 0
3556 0 0 0
3554 0 0 0
3559 0 0 0
3553 0 0 0
3552 0 0 0
3551 0 0 0
3550 0 0 0
3557 0 0 0
3558 0 0 0
3560 0 0 0
3555 0 0 0
3556 0 0 0
3554 0 0 0
3559 0 0 0
3553 0 0 0
3552 0 0 0
3551 0 0 0
3550 0 0 0
3557 0 0 0
3558 0 0 0
3560 0 0 0
3555 0 0 0
3556 0 0 0
3554 0 0 0
3559 0 0 0
3553 0 0 0
3552 0 0 0
3551 0 0 0
3550 0 0 0
3557 0 0 0
3558 0 0 0
3560 0 0 0
3555 0 0 0
3556 0 0 0
3554 0 0 0
3559 0 0 0
3553 0 0 0
3552 0 0 0
3551 0 0 0
3550 0 0 0
3557 0 0 0
3558 0 0 0
3560 0 0 0
3555 0 0 0
3556 0 0 0
3554 0 0 0
3559 0 0 0
3553 0 0 0
3552 0 0 0
3551 0 0 0
3550 0 0 0
3557 0 0 0
3558 0 0 0
3560 0 0 0
3555 0 0 0
3556 0 0 0
3554 0 0 0
3559 0 0 0
3553 0 0 0
3552 0 0 0
3551 0 0 0
3550 0 0 0
3557 0 0 0
3558 0 0 0
3560 0 0 0
3555 0 0 0
3556 0 0 0
3554 0 0 0
3559 0 0 0
3553 0 0 0
3552 0 0 0
3551 0 0 0
3550 0 0 0
3557 0 0 0
3558 0 0 0
3560 0 0 0
3555 0 0 0
3556 0 0 0
3554 0 0 0
3559 0 0 0
3553 0 0 0
3552 0 0 0
3551 0 0 0
3550 0 0 0
3557 0 0 0
3558 0 0 0
3560 0 0 0
3555 0 0 0
3556 0 0 0
3554 0 0 0
3559 0 0 0
3553 0 0 0
3552 0 0 0
3551 0 0 0
3550 0 0 0
3557 0 0 0
3558 0 0 0
3560 0 0 0
3555 0 0 0
3556 0 0 0
3554 0 0 0
3559 0 0 0
3553 0 0 0
3552 0 0 0
3551 0 0 0
3550 0 0 0
3557 0 0 0
3558 0 0 0
3560 0 0 0
3555 0 0 0
3556 0 0 0
3554 0 0 0
3559 0 0 0
3553 0 0 0
3552 0 0 0
3551 0 0 0
3550 0 0 0
3557 0 0 0
3558 2807 0 5
3560 0 0 0
3555 0 0 0
3556 0 0 0
3554 0 0 0
3559 0 0 0
3553 0 0 0
3552 0 0 0
3551 0 0 0
3550 0 0 0
3557 0 0 0
3558 0 0 0
3560 0 0 0
3555 2002 0 5
3556 2807 0 0
3554 0 0 0
3559 0 0 0
3553 0 0 0
3552 0 0 0
3551 0 0 0
3550 0 0 0
3557 0 0 0
3558 0 0 0
3560 2807 0 15
3555 805 0 5
3556 0 0 0
3554 2807 0 5
3559 2807 0 5
3553 0 0 0
3552 2807 0 5
3551 2807 0 0
3550 2501 0 15
3557 2807 0 15
3558 0 0 0
3560 0 0 0
3555 0 0 0
3556 0 0 0
3554 0 0 0
3559 0 0 0
3553 2807 0 5
3552 0 0 0
3551 0 0 0
3550 306 0 0
3557 0 0 0
3558 0 0 0
3560 0 0 0
3555 0 0 0
3556 0 0 0
3554 0 0 0
3559 0 0 0
3553 0 0 0
3552 0 0 0
3551 0 0 0
3550 0 0 0
3557 0 0 0
3558 0 0 0
3560 0 0 0
3555 0 0 0
3556 0 0 0
3554 0 0 0
3559 0 0 0
3553 0 0 0
3552 0 0 0
3551 0 0 0
3550 0 0 0
3557 0 0 0
3558 0 0 0
3560 0 0 0
3555 0 0 0
3556 0 0 0
3554 0 0 0
3559 0 0 0
3553 0 0 0
3552 0 0 0
3551 0 0 0
3550 0 0 0
3557 0 0 0
3558 0 0 0
3560 0 0 0
3555 0 0 0
3556 0 0 0
3554 0 0 0
3559 0 0 0
3553 0 0 0
3552 0 0 0
3551 0 0 0
3550 0 0 0
3557 0 0 0
3558 0 0 0
3560 0 0 0
3555 0 0 0
3556 0 0 0
3554 0 0 0
3559 0 0 0
3553 0 0 0
3552 0 0 0
3551 0 0 0
3550 0 0 0
3557 0 0 0
3558 0 0 0
3560 0 0 0
3555 0 0 0
3556 0 0 0
3554 0 0 0
3559 0 0 0
3553 0 0 0
3552 0 0 0
3551 0 0 0
3550 0 0 0
3557 0 0 0
3558 0 0 0
3560 0 0 0
3555 0 0 0
3556 0 0 0
3554 0 0 0
3559 0 0 0
3553 0 0 0
3552 0 0 0
3551 0 0 0
3550 0 0 0
3557 0 0 0
3558 0 0 0
3560 0 0 0
3555 0 0 0
3556 0 0 0
3554 0 0 0
3559 0 0 0
3553 0 0 0
3552 0 0 0
3551 0 0 0
3550 0 0 0
3557 0 0 0
3558 0 0 0
3560 0 0 0
3555 0 0 0
3556 0 0 0
3554 0 0 0
3559 0 0 0
3553 0 0 0
3552 0 0 0
3551 0 0 0
3550 0 0 0
3557 0 0 0
3558 0 0 0
3560 0 0 0
3555 0 0 0
3556 0 0 0
3554 0 0 0
3559 0 0 0
3553 0 0 0
3552 0 0 0
3551 0 0 0
3550 0 0 0
3557 0 0 0
3558 0 0 0
3560 0 0 0
3555 0 0 0
3556 0 0 0
3554 0 0 0
3559 0 0 0
3553 0 0 0
3552 0 0 0
3551 0 0 0
3550 0 0 0
3557 0 0 0
3558 0 0 0
3560 0 0 0
3555 0 0 0
3556 0 0 0
3554 0 0 0
3559 0 0 0
3553 0 0 0
3552 0 0 0
3551 0 0 0
3550 0 0 0
3557 0 0 0
3558 0 0 0
3560 0 0 0
3555 0 0 0
3556 0 0 0
3554 0 0 0
3559 0 0 0
3553 0 0 0
3552 0 0 0
3551 0 0 0
3550 0 0 0
3557 0 0 0
3558 0 0 0
3560 0 0 0
3555 0 0 0
3556 0 0 0
3554 0 0 0
3559 0 0 0
3553 0 0 0
3552 0 0 0
3551 0 0 0
3550 0 0 0
3557 0 0 0
3558 0 0 0
3560 0 0 0
3555 0 0 0
3556 0 0 0
3554 0 0 0
3559 0 0 0
3553 0 0 0
3552 0 0 0
3551 0 0 0
3550 0 0 0
3557 0 0 0
3558 2315 0 5
3560 0 0 0
3555 0 0 0
3556 0 0 0
3554 0 0 0
3559 0 0 0
3553 0 0 0
3552 0 0 0
3551 0 0 0
3550 0 0 0
3557 0 0 0
3558 0 0 0
3560 0 0 0
3555 0 0 0
3556 2315 0 5
3554 0 0 0
3559 0 0 0
3553 0 0 0
3552 0 0 0
3551 0 0 0
3550 0 0 0
3557 0 0 0
3558 0 0 0
3560 568 0 5
3555 1630 0 0
3556 0 0 0
3554 0 0 0
3559 1535 0 15
3553 0 0 0
3552 1136 0 5
3551 1935 0 10
3550 0 0 0
3557 2315 0 5
3558 0 0 0
3560 1747 0 0
3555 685 0 0
3556 0 0 0
3554 2315 0 0
3559 780 0 10
3553 2315 0 0
3552 1179 0 5
3551 380 0 0
3550 2315 0 10
3557 0 0 0
3558 0 0 0
3560 0 0 0
3555 0 0 0
3556 0 0 0
3554 0 0 0
3559 0 0 0
3553 0 0 0
3552 0 0 0
3551 0 0 0
3550 0 0 0
3557 0 0 0
3558 0 0 0
3560 0 0 0
3555 0 0 0
3556 0 0 0
3554 0 0 0
3559 0 0 0
3553 0 0 0
3552 0 0 0
3551 0 0 0
3550 0 0 0
3557 0 0 0
3558 0 0 0
3560 0 0 0
3555 0 0 0
3556 0 0 0
3554 0 0 0
3559 0 0 0
3553 0 0 0
3552 0 0 0
3551 0 0 0
3550 0 0 0
3557 0 0 0
3558 0 0 0
3560 0 0 0
3555 0 0 0
3556 0 0 0
3554 0 0 0
3559 0 0 0
3553 0 0 0
3552 0 0 0
3551 0 0 0
3550 0 0 0
3557 0 0 0
3558 0 0 0
3560 0 0 0
3555 0 0 0
3556 0 0 0
3554 0 0 0
3559 0 0 0
3553 0 0 0
3552 0 0 0
3551 0 0 0
3550 0 0 0
3557 0 0 0
3558 0 0 0
3560 0 0 0
3555 0 0 0
3556 0 0 0
3554 0 0 0
3559 0 0 0
3553 0 0 0
3552 0 0 0
3551 0 0 0
3550 0 0 0
3557 0 0 0
3558 0 0 0
3560 0 0 0
3555 0 0 0
3556 0 0 0
3554 0 0 0
3559 0 0 0
3553 0 0 0
3552 0 0 0
3551 0 0 0
3550 0 0 0
3557 0 0 0
3558 0 0 0
3560 0 0 0
3555 0 0 0
3556 0 0 0
3554 0 0 0
3559 0 0 0
3553 0 0 0
3552 0 0 0
3551 0 0 0
3550 0 0 0
3557 0 0 0
3558 0 0 0
3560 0 0 0
3555 0 0 0
3556 0 0 0
3554 0 0 0
3559 0 0 0
3553 0 0 0
3552 0 0 0
3551 0 0 0
3550 0 0 0
3557 0 0 0
3558 0 0 0
3560 0 0 0
3555 0 0 0
3556 0 0 0
3554 0 0 0
3559 0 0 0
3553 0 0 0
3552 0 0 0
3551 0 0 0
3550 0 0 0
3557 0 0 0
3558 0 0 0
3560 0 0 0
3555 0 0 0
3556 0 0 0
3554 0 0 0
3559 0 0 0
3553 0 0 0
3552 0 0 0
3551 0 0 0
3550 0 0 0
3557 0 0 0
3558 0 0 0
3560 0 0 0
3555 0 0 0
3556 0 0 0
3554 0 0 0
3559 0 0 0
3553 0 0 0
3552 0 0 0
3551 0 0 0
3550 0 0 0
3557 0 0 0
3558 0 0 0
3560 0 0 0
3555 0 0 0
3556 0 0 0
3554 0 0 0
3559 0 0 0
3553 0 0 0
3552 0 0 0
3551 0 0 0
3550 0 0 0
3557 0 0 0
3558 0 0 0
3560 0 0 0
3555 0 0 0
3556 0 0 0
3554 0 0 0
3559 0 0 0
3553 0 0 0
3552 0 0 0
3551 0 0 0
3550 0 0 0
3557 0 0 0
3558 0 0 0
3560 0 0 0
3555 0 0 0
3556 0 0 0
3554 0 0 0
3559 0 0 0
3553 0 0 0
3552 0 0 0
3551 0 0 0
3550 0 0 0
3557 0 0 0
3558 298 0 5
3560 0 0 0
3555 0 0 0
3556 0 0 0
3554 0 0 0
3559 0 0 0
3553 0 0 0
3552 0 0 0
3551 0 0 0
3550 0 0 0
3557 0 0 0
3558 1576 0 10
3560 0 0 0
3555 0 0 0
3556 847 0 5
3554 0 0 0
3559 0 0 0
3553 0 0 0
3552 0 0 0
3551 0 0 0
3550 0 0 0
3557 0 0 0
3558 0 0 0
3560 0 0 0
3555 0 0 0
3556 1027 0 0
3554 0 0 0
3559 0 0 0
3553 0 0 0
3552 0 0 0
3551 0 0 0
3550 0 0 0
3557 1163 0 5
3558 0 0 0
3560 1136 0 10
3555 1136 0 5
3556 0 0 0
3554 697 0 10
3559 0 0 0
3553 0 0 0
3552 597 0 5
3551 624 0 5
3550 0 0 0
3557 711 0 0
3558 0 0 0
3560 738 0 0
3555 738 0 0
3556 0 0 0
3554 1177 0 10
3559 1874 0 0
3553 1874 0 15
3552 1277 0 10
3551 1250 0 0
3550 1874 0 0
3557 0 0 0
3558 0 0 0
3560 0 0 0
3555 0 0 0
3556 0 0 0
3554 0 0 0
3559 0 0 0
3553 0 0 0
3552 0 0 0
3551 0 0 0
3550 0 0 0
3557 0 0 0
3558 0 0 0
3560 0 0 0
3555 0 0 0
3556 0 0 0
3554 0 0 0
3559 0 0 0
3553 0 0 0
3552 0 0 0
3551 0 0 0
3550 0 0 0
3557 0 0 0
3558 0 0 0
3560 0 0 0
3555 0 0 0
3556 0 0 0
3554 0 0 0
3559 0 0 0
3553 0 0 0
3552 0 0 0
3551 0 0 0
3550 0 0 0
3557 0 0 0
3558 0 0 0
3560 0 0 0
3555 0 0 0
3556 0 0 0
3554 0 0 0
3559 0 0 0
3553 0 0 0
3552 0 0 0
3551 0 0 0
3550 0 0 0
3557 0 0 0
3558 0 0 0
3560 0 0 0
3555 0 0 0
3556 0 0 0
3554 0 0 0
3559 0 0 0
3553 0 0 0
3552 0 0 0
3551 0 0 0
3550 0 0 0
3557 0 0 0
3558 0 0 0
3560 0 0 0
3555 0 0 0
3556 0 0 0
3554 0 0 0
3559 0 0 0
3553 0 0 0
3552 0 0 0
3551 0 0 0
3550 0 0 0
3557 0 0 0
3558 0 0 0
3560 0 0 0
3555 0 0 0
3556 0 0 0
3554 0 0 0
3559 0 0 0
3553 0 0 0
3552 0 0 0
3551 0 0 0
3550 0 0 0
3557 0 0 0
3558 0 0 0
3560 0 0 0
3555 0 0 0
3556 0 0 0
3554 0 0 0
3559 0 0 0
3553 0 0 0
3552 0 0 0
3551 0 0 0
3550 0 0 0
3557 0 0 0
3558 0 0 0
3560 0 0 0
3555 0 0 0
3556 0 0 0
3554 0 0 0
3559 0 0 0
3553 0 0 0
3552 0 0 0
3551 0 0 0
3550 0 0 0
3557 0 0 0
3558 0 0 0
3560 0 0 0
3555 0 0 0
3556 0 0 0
3554 0 0 0
3559 0 0 0
3553 0 0 0
3552 0 0 0
3551 0 0 0
3550 0 0 0
3557 0 0 0
3558 0 0 0
3560 0 0 0
3555 0 0 0
3556 0 0 0
3554 0 0 0
3559 0 0 0
3553 0 0 0
3552 0 0 0
3551 0 0 0
3550 0 0 0
3557 0 0 0
3558 0 0 0
3560 0 0 0
3555 0 0 0
3556 0 0 0
3554 0 0 0
3559 0 0 0
3553 0 0 0
3552 0 0 0
3551 0 0 0
3550 0 0 0
3557 0 0 0
3558 0 0 0
3560 0 0 0
3555 0 0 0
3556 0 0 0
3554 0 0 0
3559 0 0 0
3553 0 0 0
3552 0 0 0
3551 0 0 0
3550 0 0 0
3557 0 0 0
3558 0 0 0
3560 0 0 0
3555 0 0 0
3556 0 0 0
3554 0 0 0
3559 0 0 0
3553 0 0 0
3552 0 0 0
3551 0 0 0
3550 0 0 0
3557 0 0 0
3558 0 0 0
3560 0 0 0
3555 0 0 0
3556 0 0 0
3554 0 0 0
3559 0 0 0
3553 0 0 0
3552 0 0 0
3551 0 0 0
3550 0 0 0
3557 0 0 0
3558 1602 0 15
3560 0 0 0
3555 0 0 0
3556 0 0 0
3554 0 0 0
3559 0 0 0
3553 0 0 0
3552 0 0 0
3551 0 0 0
3550 0 0 0
3557 0 0 0
3558 0 0 0
3560 0 0 0
3555 0 0 0
3556 1602 0 5
3554 0 0 0
3559 0 0 0
3553 0 0 0
3552 0 0 0
3551 0 0 0
3550 0 0 0
3557 0 0 0
3558 0 0 0
3560 0 0 0
3555 0 0 0
3556 0 0 0
3554 0 0 0
3559 0 0 0
3553 0 0 0
3552 0 0 0
3551 0 0 0
3550 0 0 0
3557 0 0 0
3558 0 0 0
3560 624 0 5
3555 568 0 5
3556 0 0 0
3554 0 0 0
3559 1602 0 15
3553 0 0 0
3552 0 0 0
3551 624 0 5
3550 996 0 10
3557 1602 0 5
3558 0 0 0
3560 978 0 5
3555 1034 0 5
3556 0 0 0
3554 1602 0 0
3559 0 0 0
3553 1602 0 5
3552 1602 0 0
3551 978 0 5
3550 606 0 5
3557 0 0 0
3558 0 0 0
3560 0 0 0
3555 0 0 0
3556 0 0 0
3554 0 0 0
3559 0 0 0
3553 0 0 0
3552 0 0 0
3551 0 0 0
3550 0 0 0
3557 0 0 0
3558 0 0 0
3560 0 0 0
3555 0 0 0
3556 0 0 0
3554 0 0 0
3559 0 0 0
3553 0 0 0
3552 0 0 0
3551 0 0 0
3550 0 0 0
3557 0 0 0
3558 0 0 0
3560 0 0 0
3555 0 0 0
3556 0 0 0
3554 0 0 0
3559 0 0 0
3553 0 0 0
3552 0 0 0
3551 0 0 0
3550 0 0 0
3557 0 0 0
3558 0 0 0
3560 0 0 0
3555 0 0 0
3556 0 0 0
3554 0 0 0
3559 0 0 0
3553 0 0 0
3552 0 0 0
3551 0 0 0
3550 0 0 0
3557 0 0 0
3558 0 0 0
3560 0 0 0
3555 0 0 0
3556 0 0 0
3554 0 0 0
3559 0 0 0
3553 0 0 0
3552 0 0 0
3551 0 0 0
3550 0 0 0
3557 0 0 0
3558 0 0 0
3560 0 0 0
3555 0 0 0
3556 0 0 0
3554 0 0 0
3559 0 0 0
3553 0 0 0
3552 0 0 0
3551 0 0 0
3550 0 0 0
3557 0 0 0
3558 0 0 0
3560 0 0 0
3555 0 0 0
3556 0 0 0
3554 0 0 0
3559 0 0 0
3553 0 0 0
3552 0 0 0
3551 0 0 0
3550 0 0 0
3557 0 0 0
3558 0 0 0
3560 0 0 0
3555 0 0 0
3556 0 0 0
3554 0 0 0
3559 0 0 0
3553 0 0 0
3552 0 0 0
3551 0 0 0
3550 0 0 0
3557 0 0 0
3558 0 0 0
3560 0 0 0
3555 0 0 0
3556 0 0 0
3554 0 0 0
3559 0 0 0
3553 0 0 0
3552 0 0 0
3551 0 0 0
3550 0 0 0
3557 0 0 0
3558 0 0 0
3560 0 0 0
3555 0 0 0
3556 0 0 0
3554 0 0 0
3559 0 0 0
3553 0 0 0
3552 0 0 0
3551 0 0 0
3550 0 0 0
3557 0 0 0
3558 0 0 0
3560 0 0 0
3555 0 0 0
3556 0 0 0
3554 0 0 0
3559 0 0 0
3553 0 0 0
3552 0 0 0
3551 0 0 0
3550 0 0 0
3557 0 0 0
3558 0 0 0
3560 0 0 0
3555 0 0 0
3556 0 0 0
3554 0 0 0
3559 0 0 0
3553 0 0 0
3552 0 0 0
3551 0 0 0
3550 0 0 0
3557 0 0 0
3558 0 0 0
3560 0 0 0
3555 0 0 0
3556 0 0 0
3554 0 0 0
3559 0 0 0
3553 0 0 0
3552 0 0 0
3551 0 0 0
3550 0 0 0
3557 0 0 0
3558 0 0 0
3560 0 0 0
3555 0 0 0
3556 0 0 0
3554 0 0 0
3559 0 0 0
3553 0 0 0
3552 0 0 0
3551 0 0 0
3550 0 0 0
3557 0 0 0
3558 956 0 10
3560 0 0 0
3555 0 0 0
3556 0 0 0
3554 0 0 0
3559 0 0 0
3553 0 0 0
3552 0 0 0
3551 0 0 0
3550 0 0 0
3557 0 0 0
3558 296 0 0
3560 0 0 0
3555 0 0 0
3556 1252 0 0
3554 0 0 0
3559 0 0 0
3553 0 0 0
3552 0 0 0
3551 0 0 0
3550 0 0 0
3557 0 0 0
3558 0 0 0
3560 0 0 0
3555 0 0 0
3556 0 0 0
3554 0 0 0
3559 0 0 0
3553 0 0 0
3552 0 0 0
3551 0 0 0
3550 0 0 0
3557 0 0 0
3558 0 0 0
3560 0 0 0
3555 0 0 0
3556 0 0 0
3554 0 0 0
3559 1252 0 10
3553 0 0 0
3552 0 0 0
3551 0 0 0
3550 0 0 0
3557 1252 0 10
3558 0 0 0
3560 0 0 0
3555 0 0 0
3556 0 0 0
3554 1252 0 0
3559 0 0 0
3553 0 0 0
3552 698 0 5
3551 0 0 0
3550 1252 0 5
3557 0 0 0
3558 0 0 0
3560 1252 0 5
3555 1252 0 0
3556 0 0 0
3554 0 0 0
3559 0 0 0
3553 1252 0 0
3552 554 0 5
3551 1252 0 10
3550 0 0 0
3557 0 0 0
3558 0 0 0
3560 0 0 0
3555 0 0 0
3556 0 0 0
3554 0 0 0
3559 0 0 0
3553 0 0 0
3552 0 0 0
3551 0 0 0
3550 0 0 0
3557 0 0 0
3558 0 0 0
3560 0 0 0
3555 0 0 0
3556 0 0 0
3554 0 0 0
3559 0 0 0
3553 0 0 0
3552 0 0 0
3551 0 0 0
3550 0 0 0
3557 0 0 0
3558 0 0 0
3560 0 0 0
3555 0 0 0
3556 0 0 0
3554 0 0 0
3559 0 0 0
3553 0 0 0
3552 0 0 0
3551 0 0 0
3550 0 0 0
3557 0 0 0
3558 0 0 0
3560 0 0 0
3555 0 0 0
3556 0 0 0
3554 0 0 0
3559 0 0 0
3553 0 0 0
3552 0 0 0
3551 0 0 0
3550 0 0 0
3557 0 0 0
3558 0 0 0
3560 0 0 0
3555 0 0 0
3556 0 0 0
3554 0 0 0
3559 0 0 0
3553 0 0 0
3552 0 0 0
3551 0 0 0
3550 0 0 0
3557 0 0 0
3558 0 0 0
3560 0 0 0
3555 0 0 0
3556 0 0 0
3554 0 0 0
3559 0 0 0
3553 0 0 0
3552 0 0 0
3551 0 0 0
3550 0 0 0
3557 0 0 0
3558 0 0 0
3560 0 0 0
3555 0 0 0
3556 0 0 0
3554 0 0 0
3559 0 0 0
3553 0 0 0
3552 0 0 0
3551 0 0 0
3550 0 0 0
3557 0 0 0
3558 0 0 0
3560 0 0 0
3555 0 0 0
3556 0 0 0
3554 0 0 0
3559 0 0 0
3553 0 0 0
3552 0 0 0
3551 0 0 0
3550 0 0 0
3557 0 0 0
3558 0 0 0
3560 0 0 0
3555 0 0 0
3556 0 0 0
3554 0 0 0
3559 0 0 0
3553 0 0 0
3552 0 0 0
3551 0 0 0
3550 0 0 0
3557 0 0 0
3558 0 0 0
3560 0 0 0
3555 0 0 0
3556 0 0 0
3554 0 0 0
3559 0 0 0
3553 0 0 0
3552 0 0 0
3551 0 0 0
3550 0 0 0
3557 0 0 0
3558 0 0 0
3560 0 0 0
3555 0 0 0
3556 0 0 0
3554 0 0 0
3559 0 0 0
3553 0 0 0
3552 0 0 0
3551 0 0 0
3550 0 0 0
3557 0 0 0
3558 0 0 0
3560 0 0 0
3555 0 0 0
3556 0 0 0
3554 0 0 0
3559 0 0 0
3553 0 0 0
3552 0 0 0
3551 0 0 0
3550 0 0 0
3557 0 0 0
3558 0 0 0
3560 0 0 0
3555 0 0 0
3556 0 0 0
3554 0 0 0
3559 0 0 0
3553 0 0 0
3552 0 0 0
3551 0 0 0
3550 0 0 0
3557 0 0 0
3558 0 0 0
3560 0 0 0
3555 0 0 0
3556 0 0 0
3554 0 0 0
3559 0 0 0
3553 0 0 0
3552 0 0 0
3551 0 0 0
3550 0 0 0
3557 0 0 0
3558 982 0 5
3560 0 0 0
3555 0 0 0
3556 715 0 5
3554 0 0 0
3559 0 0 0
3553 0 0 0
3552 0 0 0
3551 0 0 0
3550 0 0 0
3557 0 0 0
3558 0 0 0
3560 0 0 0
3555 0 0 0
3556 267 0 0
3554 0 0 0
3559 0 0 0
3553 0 0 0
3552 0 0 0
3551 0 0 0
3550 0 0 0
3557 0 0 0
3558 0 0 0
3560 0 0 0
3555 0 0 0
3556 0 0 0
3554 0 0 0
3559 357 0 5
3553 0 0 0
3552 0 0 0
3551 0 0 0
3550 0 0 0
3557 0 0 0
3558 0 0 0
3560 0 0 0
3555 0 0 0
3556 0 0 0
3554 982 0 0
3559 625 0 5
3553 0 0 0
3552 0 0 0
3551 0 0 0
3550 0 0 0
3557 982 0 5
3558 0 0 0
3560 982 0 5
3555 982 0 0
3556 0 0 0
3554 0 0 0
3559 0 0 0
3553 982 0 0
3552 982 0 5
3551 982 0 5
3550 982 0 5
3557 0 0 0
3558 0 0 0
3560 0 0 0
3555 0 0 0
3556 0 0 0
3554 0 0 0
3559 0 0 0
3553 0 0 0
3552 0 0 0
3551 0 0 0
3550 0 0 0
3557 0 0 0
3558 0 0 0
3560 0 0 0
3555 0 0 0
3556 0 0 0
3554 0 0 0
3559 0 0 0
3553 0 0 0
3552 0 0 0
3551 0 0 0
3550 0 0 0
3557 0 0 0
3558 0 0 0
3560 0 0 0
3555 0 0 0
3556 0 0 0
3554 0 0 0
3559 0 0 0
3553 0 0 0
3552 0 0 0
3551 0 0 0
3550 0 0 0
3557 0 0 0
3558 0 0 0
3560 0 0 0
3555 0 0 0
3556 0 0 0
3554 0 0 0
3559 0 0 0
3553 0 0 0
3552 0 0 0
3551 0 0 0
3550 0 0 0
3557 0 0 0
3558 0 0 0
3560 0 0 0
3555 0 0 0
3556 0 0 0
3554 0 0 0
3559 0 0 0
3553 0 0 0
3552 0 0 0
3551 0 0 0
3550 0 0 0
3557 0 0 0
3558 0 0 0
3560 0 0 0
3555 0 0 0
3556 0 0 0
3554 0 0 0
3559 0 0 0
3553 0 0 0
3552 0 0 0
3551 0 0 0
3550 0 0 0
3557 0 0 0
3558 0 0 0
3560 0 0 0
3555 0 0 0
3556 0 0 0
3554 0 0 0
3559 0 0 0
3553 0 0 0
3552 0 0 0
3551 0 0 0
3550 0 0 0
3557 0 0 0
3558 0 0 0
3560 0 0 0
3555 0 0 0
3556 0 0 0
3554 0 0 0
3559 0 0 0
3553 0 0 0
3552 0 0 0
3551 0 0 0
3550 0 0 0
3557 0 0 0
3558 0 0 0
3560 0 0 0
3555 0 0 0
3556 0 0 0
3554 0 0 0
3559 0 0 0
3553 0 0 0
3552 0 0 0
3551 0 0 0
3550 0 0 0
3557 0 0 0
3558 0 0 0
3560 0 0 0
3555 0 0 0
3556 0 0 0
3554 0 0 0
3559 0 0 0
3553 0 0 0
3552 0 0 0
3551 0 0 0
3550 0 0 0
3557 0 0 0
3558 0 0 0
3560 0 0 0
3555 0 0 0
3556 0 0 0
3554 0 0 0
3559 0 0 0
3553 0 0 0
3552 0 0 0
3551 0 0 0
3550 0 0 0
3557 0 0 0
3558 0 0 0
3560 0 0 0
3555 0 0 0
3556 0 0 0
3554 0 0 0
3559 0 0 0
3553 0 0 0
3552 0 0 0
3551 0 0 0
3550 0 0 0
3557 0 0 0
3558 0 0 0
3560 0 0 0
3555 0 0 0
3556 0 0 0
3554 0 0 0
3559 0 0 0
3553 0 0 0
3552 0 0 0
3551 0 0 0
3550 0 0 0
3557 0 0 0
3558 0 0 0
3560 0 0 0
3555 0 0 0
3556 0 0 0
3554 0 0 0
3559 0 0 0
3553 0 0 0
3552 0 0 0
3551 0 0 0
3550 0 0 0
3557 0 0 0
3558 897 0 10
3560 0 0 0
3555 0 0 0
3556 0 0 0
3554 0 0 0
3559 0 0 0
3553 0 0 0
3552 0 0 0
3551 0 0 0
3550 0 0 0
3557 0 0 0
3558 0 0 0
3560 0 0 0
3555 0 0 0
3556 897 0 5
3554 0 0 0
3559 0 0 0
3553 0 0 0
3552 0 0 0
3551 0 0 0
3550 0 0 0
3557 0 0 0
3558 0 0 0
3560 0 0 0
3555 0 0 0
3556 0 0 0
3554 0 0 0
3559 0 0 0
3553 0 0 0
3552 0 0 0
3551 0 0 0
3550 0 0 0
3557 0 0 0
3558 0 0 0
3560 0 0 0
3555 0 0 0
3556 0 0 0
3554 764 0 5
3559 897 0 10
3553 0 0 0
3552 0 0 0
3551 0 0 0
3550 0 0 0
3557 897 0 10
3558 0 0 0
3560 897 0 0
3555 897 0 0
3556 0 0 0
3554 133 0 0
3559 0 0 0
3553 897 0 0
3552 897 0 0
3551 897 0 0
3550 897 0 0
3557 0 0 0
3558 0 0 0
3560 0 0 0
3555 0 0 0
3556 0 0 0
3554 0 0 0
3559 0 0 0
3553 0 0 0
3552 0 0 0
3551 0 0 0
3550 0 0 0
3557 0 0 0
3558 0 0 0
3560 0 0 0
3555 0 0 0
3556 0 0 0
3554 0 0 0
3559 0 0 0
3553 0 0 0
3552 0 0 0
3551 0 0 0
3550 0 0 0
3557 0 0 0
3558 0 0 0
3560 0 0 0
3555 0 0 0
3556 0 0 0
3554 0 0 0
3559 0 0 0
3553 0 0 0
3552 0 0 0
3551 0 0 0
3550 0 0 0
3557 0 0 0
3558 0 0 0
3560 0 0 0
3555 0 0 0
3556 0 0 0
3554 0 0 0
3559 0 0 0
3553 0 0 0
3552 0 0 0
3551 0 0 0
3550 0 0 0
3557 0 0 0
3558 0 0 0
3560 0 0 0
3555 0 0 0
3556 0 0 0
3554 0 0 0
3559 0 0 0
3553 0 0 0
3552 0 0 0
3551 0 0 0
3550 0 0 0
3557 0 0 0
3558 0 0 0
3560 0 0 0
3555 0 0 0
3556 0 0 0
3554 0 0 0
3559 0 0 0
3553 0 0 0
3552 0 0 0
3551 0 0 0
3550 0 0 0
3557 0 0 0
3558 0 0 0
3560 0 0 0
3555 0 0 0
3556 0 0 0
3554 0 0 0
3559 0 0 0
3553 0 0 0
3552 0 0 0
3551 0 0 0
3550 0 0 0
3557 0 0 0
3558 0 0 0
3560 0 0 0
3555 0 0 0
3556 0 0 0
3554 0 0 0
3559 0 0 0
3553 0 0 0
3552 0 0 0
3551 0 0 0
3550 0 0 0
3557 0 0 0
3558 0 0 0
3560 0 0 0
3555 0 0 0
3556 0 0 0
3554 0 0 0
3559 0 0 0
3553 0 0 0
3552 0 0 0
3551 0 0 0
3550 0 0 0
3557 0 0 0
3558 0 0 0
3560 0 0 0
3555 0 0 0
3556 0 0 0
3554 0 0 0
3559 0 0 0
3553 0 0 0
3552 0 0 0
3551 0 0 0
3550 0 0 0
3557 0 0 0
3558 0 0 0
3560 0 0 0
3555 0 0 0
3556 0 0 0
3554 0 0 0
3559 0 0 0
3553 0 0 0
3552 0 0 0
3551 0 0 0
3550 0 0 0
3557 0 0 0
3558 0 0 0
3560 0 0 0
3555 0 0 0
3556 0 0 0
3554 0 0 0
3559 0 0 0
3553 0 0 0
3552 0 0 0
3551 0 0 0
3550 0 0 0
3557 0 0 0
3558 0 0 0
3560 0 0 0
3555 0 0 0
3556 0 0 0
3554 0 0 0
3559 0 0 0
3553 0 0 0
3552 0 0 0
3551 0 0 0
3550 0 0 0
3557 0 0 0
3558 0 0 0
3560 0 0 0
3555 0 0 0
3556 0 0 0
3554 0 0 0
3559 0 0 0
3553 0 0 0
3552 0 0 0
3551 0 0 0
3550 0 0 0
3557 0 0 0
3558 721 0 0
3560 0 0 0
3555 0 0 0
3556 0 0 0
3554 0 0 0
3559 0 0 0
3553 0 0 0
3552 0 0 0
3551 0 0 0
3550 0 0 0
3557 0 0 0
3558 0 0 0
3560 0 0 0
3555 0 0 0
3556 721 0 0
3554 0 0 0
3559 0 0 0
3553 0 0 0
3552 0 0 0
3551 0 0 0
3550 0 0 0
3557 0 0 0
3558 0 0 0
3560 0 0 0
3555 0 0 0
3556 0 0 0
3554 0 0 0
3559 0 0 0
3553 0 0 0
3552 0 0 0
3551 0 0 0
3550 0 0 0
3557 0 0 0
3558 0 0 0
3560 0 0 0
3555 0 0 0
3556 0 0 0
3554 721 0 0
3559 721 0 0
3553 0 0 0
3552 0 0 0
3551 0 0 0
3550 0 0 0
3557 721 0 0
3558 0 0 0
3560 721 0 0
3555 721 0 0
3556 0 0 0
3554 0 0 0
3559 0 0 0
3553 721 0 0
3552 721 0 0
3551 721 0 0
3550 721 0 0
3557 0 0 0
3558 0 0 0
3560 0 0 0
3555 0 0 0
3556 0 0 0
3554 0 0 0
3559 0 0 0
3553 0 0 0
3552 0 0 0
3551 0 0 0
3550 0 0 0
3557 0 0 0
3558 0 0 0
3560 0 0 0
3555 0 0 0
3556 0 0 0
3554 0 0 0
3559 0 0 0
3553 0 0 0
3552 0 0 0
3551 0 0 0
3550 0 0 0
3557 0 0 0
3558 0 0 0
3560 0 0 0
3555 0 0 0
3556 0 0 0
3554 0 0 0
3559 0 0 0
3553 0 0 0
3552 0 0 0
3551 0 0 0
3550 0 0 0
3557 0 0 0
3558 0 0 0
3560 0 0 0
3555 0 0 0
3556 0 0 0
3554 0 0 0
3559 0 0 0
3553 0 0 0
3552 0 0 0
3551 0 0 0
3550 0 0 0
3557 0 0 0
3558 0 0 0
3560 0 0 0
3555 0 0 0
3556 0 0 0
3554 0 0 0
3559 0 0 0
3553 0 0 0
3552 0 0 0
3551 0 0 0
3550 0 0 0
3557 0 0 0
3558 0 0 0
3560 0 0 0
3555 0 0 0
3556 0 0 0
3554 0 0 0
3559 0 0 0
3553 0 0 0
3552 0 0 0
3551 0 0 0
3550 0 0 0
3557 0 0 0
3558 0 0 0
3560 0 0 0
3555 0 0 0
3556 0 0 0
3554 0 0 0
3559 0 0 0
3553 0 0 0
3552 0 0 0
3551 0 0 0
3550 0 0 0
3557 0 0 0
3558 0 0 0
3560 0 0 0
3555 0 0 0
3556 0 0 0
3554 0 0 0
3559 0 0 0
3553 0 0 0
3552 0 0 0
3551 0 0 0
3550 0 0 0
3557 0 0 0
3558 0 0 0
3560 0 0 0
3555 0 0 0
3556 0 0 0
3554 0 0 0
3559 0 0 0
3553 0 0 0
3552 0 0 0
3551 0 0 0
3550 0 0 0
3557 0 0 0
3558 0 0 0
3560 0 0 0
3555 0 0 0
3556 0 0 0
3554 0 0 0
3559 0 0 0
3553 0 0 0
3552 0 0 0
3551 0 0 0
3550 0 0 0
3557 0 0 0
3558 0 0 0
3560 0 0 0
3555 0 0 0
3556 0 0 0
3554 0 0 0
3559 0 0 0
3553 0 0 0
3552 0 0 0
3551 0 0 0
3550 0 0 0
3557 0 0 0
3558 0 0 0
3560 0 0 0
3555 0 0 0
3556 0 0 0
3554 0 0 0
3559 0 0 0
3553 0 0 0
3552 0 0 0
3551 0 0 0
3550 0 0 0
3557 0 0 0
3558 0 0 0
3560 0 0 0
3555 0 0 0
3556 0 0 0
3554 0 0 0
3559 0 0 0
3553 0 0 0
3552 0 0 0
3551 0 0 0
3550 0 0 0
3557 0 0 0
3558 0 0 0
3560 0 0 0
3555 0 0 0
3556 0 0 0
3554 0 0 0
3559 0 0 0
3553 0 0 0
3552 0 0 0
3551 0 0 0
3550 0 0 0
3557 0 0 0
3558 621 0 5
3560 0 0 0
3555 0 0 0
3556 0 0 0
3554 0 0 0
3559 0 0 0
3553 0 0 0
3552 0 0 0
3551 0 0 0
3550 0 0 0
3557 0 0 0
3558 0 0 0
3560 0 0 0
3555 0 0 0
3556 621 0 0
3554 0 0 0
3559 0 0 0
3553 0 0 0
3552 0 0 0
3551 0 0 0
3550 0 0 0
3557 0 0 0
3558 0 0 0
3560 0 0 0
3555 0 0 0
3556 0 0 0
3554 0 0 0
3559 0 0 0
3553 0 0 0
3552 0 0 0
3551 0 0 0
3550 0 0 0
3557 0 0 0
3558 0 0 0
3560 0 0 0
3555 0 0 0
3556 0 0 0
3554 0 0 0
3559 621 0 5
3553 0 0 0
3552 0 0 0
3551 0 0 0
3550 0 0 0
3557 621 0 0
3558 0 0 0
3560 621 0 0
3555 621 0 0
3556 0 0 0
3554 621 0 0
3559 0 0 0
3553 621 0 0
3552 0 0 0
3551 0 0 0
3550 621 0 0
3557 0 0 0
3558 0 0 0
3560 0 0 0
3555 0 0 0
3556 0 0 0
3554 0 0 0
3559 0 0 0
3553 0 0 0
3552 621 0 0
3551 621 0 0
3550 0 0 0
3557 0 0 0
3558 0 0 0
3560 0 0 0
3555 0 0 0
3556 0 0 0
3554 0 0 0
3559 0 0 0
3553 0 0 0
3552 0 0 0
3551 0 0 0
3550 0 0 0
3557 0 0 0
3558 0 0 0
3560 0 0 0
3555 0 0 0
3556 0 0 0
3554 0 0 0
3559 0 0 0
3553 0 0 0
3552 0 0 0
3551 0 0 0
3550 0 0 0
3557 0 0 0
3558 0 0 0
3560 0 0 0
3555 0 0 0
3556 0 0 0
3554 0 0 0
3559 0 0 0
3553 0 0 0
3552 0 0 0
3551 0 0 0
3550 0 0 0
3557 0 0 0
3558 0 0 0
3560 0 0 0
3555 0 0 0
3556 0 0 0
3554 0 0 0
3559 0 0 0
3553 0 0 0
3552 0 0 0
3551 0 0 0
3550 0 0 0
3557 0 0 0
3558 0 0 0
3560 0 0 0
3555 0 0 0
3556 0 0 0
3554 0 0 0
3559 0 0 0
3553 0 0 0
3552 0 0 0
3551 0 0 0
3550 0 0 0
3557 0 0 0
3558 0 0 0
3560 0 0 0
3555 0 0 0
3556 0 0 0
3554 0 0 0
3559 0 0 0
3553 0 0 0
3552 0 0 0
3551 0 0 0
3550 0 0 0
3557 0 0 0
3558 0 0 0
3560 0 0 0
3555 0 0 0
3556 0 0 0
3554 0 0 0
3559 0 0 0
3553 0 0 0
3552 0 0 0
3551 0 0 0
3550 0 0 0
3557 0 0 0
3558 0 0 0
3560 0 0 0
3555 0 0 0
3556 0 0 0
3554 0 0 0
3559 0 0 0
3553 0 0 0
3552 0 0 0
3551 0 0 0
3550 0 0 0
3557 0 0 0
3558 0 0 0
3560 0 0 0
3555 0 0 0
3556 0 0 0
3554 0 0 0
3559 0 0 0
3553 0 0 0
3552 0 0 0
3551 0 0 0
3550 0 0 0
3557 0 0 0
3558 0 0 0
3560 0 0 0
3555 0 0 0
3556 0 0 0
3554 0 0 0
3559 0 0 0
3553 0 0 0
3552 0 0 0
3551 0 0 0
3550 0 0 0
3557 0 0 0
3558 0 0 0
3560 0 0 0
3555 0 0 0
3556 0 0 0
3554 0 0 0
3559 0 0 0
3553 0 0 0
3552 0 0 0
3551 0 0 0
3550 0 0 0
3557 0 0 0
3558 0 0 0
3560 0 0 0
3555 0 0 0
3556 0 0 0
3554 0 0 0
3559 0 0 0
3553 0 0 0
3552 0 0 0
3551 0 0 0
3550 0 0 0
3557 0 0 0
3558 0 0 0
3560 0 0 0
3555 0 0 0
3556 0 0 0
3554 0 0 0
3559 0 0 0
3553 0 0 0
3552 0 0 0
3551 0 0 0
3550 0 0 0
3557 0 0 0
3558 481 0 0
3560 0 0 0
3555 0 0 0
3556 0 0 0
3554 0 0 0
3559 0 0 0
3553 0 0 0
3552 0 0 0
3551 0 0 0
3550 0 0 0
3557 0 0 0
3558 0 0 0
3560 0 0 0
3555 0 0 0
3556 481 0 0
3554 0 0 0
3559 0 0 0
3553 0 0 0
3552 0 0 0
3551 0 0 0
3550 0 0 0
3557 0 0 0
3558 0 0 0
3560 0 0 0
3555 0 0 0
3556 0 0 0
3554 0 0 0
3559 0 0 0
3553 0 0 0
3552 0 0 0
3551 0 0 0
3550 0 0 0
3557 0 0 0
3558 0 0 0
3560 0 0 0
3555 0 0 0
3556 0 0 0
3554 0 0 0
3559 481 0 0
3553 0 0 0
3552 0 0 0
3551 0 0 0
3550 0 0 0
3557 481 0 0
3558 0 0 0
3560 0 0 0
3555 168 0 0
3556 0 0 0
3554 481 0 0
3559 0 0 0
3553 481 0 5
3552 0 0 0
3551 0 0 0
3550 481 0 0
3557 0 0 0
3558 0 0 0
3560 481 0 0
3555 313 0 0
3556 0 0 0
3554 0 0 0
3559 0 0 0
3553 0 0 0
3552 481 0 0
3551 481 0 0
3550 0 0 0
3557 0 0 0
3558 0 0 0
3560 0 0 0
3555 0 0 0
3556 0 0 0
3554 0 0 0
3559 0 0 0
3553 0 0 0
3552 0 0 0
3551 0 0 0
3550 0 0 0
3557 0 0 0
3558 0 0 0
3560 0 0 0
3555 0 0 0
3556 0 0 0
3554 0 0 0
3559 0 0 0
3553 0 0 0
3552 0 0 0
3551 0 0 0
3550 0 0 0
3557 0 0 0
3558 0 0 0
3560 0 0 0
3555 0 0 0
3556 0 0 0
3554 0 0 0
3559 0 0 0
3553 0 0 0
3552 0 0 0
3551 0 0 0
3550 0 0 0
3557 0 0 0
3558 0 0 0
3560 0 0 0
3555 0 0 0
3556 0 0 0
3554 0 0 0
3559 0 0 0
3553 0 0 0
3552 0 0 0
3551 0 0 0
3550 0 0 0
3557 0 0 0
3558 0 0 0
3560 0 0 0
3555 0 0 0
3556 0 0 0
3554 0 0 0
3559 0 0 0
3553 0 0 0
3552 0 0 0
3551 0 0 0
3550 0 0 0
3557 0 0 0
3558 0 0 0
3560 0 0 0
3555 0 0 0
3556 0 0 0
3554 0 0 0
3559 0 0 0
3553 0 0 0
3552 0 0 0
3551 0 0 0
3550 0 0 0
3557 0 0 0
3558 0 0 0
3560 0 0 0
3555 0 0 0
3556 0 0 0
3554 0 0 0
3559 0 0 0
3553 0 0 0
3552 0 0 0
3551 0 0 0
3550 0 0 0
3557 0 0 0
3558 0 0 0
3560 0 0 0
3555 0 0 0
3556 0 0 0
3554 0 0 0
3559 0 0 0
3553 0 0 0
3552 0 0 0
3551 0 0 0
3550 0 0 0
3557 0 0 0
3558 0 0 0
3560 0 0 0
3555 0 0 0
3556 0 0 0
3554 0 0 0
3559 0 0 0
3553 0 0 0
3552 0 0 0
3551 0 0 0
3550 0 0 0
3557 0 0 0
3558 0 0 0
3560 0 0 0
3555 0 0 0
3556 0 0 0
3554 0 0 0
3559 0 0 0
3553 0 0 0
3552 0 0 0
3551 0 0 0
3550 0 0 0
3557 0 0 0
3558 0 0 0
3560 0 0 0
3555 0 0 0
3556 0 0 0
3554 0 0 0
3559 0 0 0
3553 0 0 0
3552 0 0 0
3551 0 0 0
3550 0 0 0
3557 0 0 0
3558 0 0 0
3560 0 0 0
3555 0 0 0
3556 0 0 0
3554 0 0 0
3559 0 0 0
3553 0 0 0
3552 0 0 0
3551 0 0 0
3550 0 0 0
3557 0 0 0
3558 0 0 0
3560 0 0 0
3555 0 0 0
3556 0 0 0
3554 0 0 0
3559 0 0 0
3553 0 0 0
3552 0 0 0
3551 0 0 0
3550 0 0 0
3557 0 0 0
3558 398 0 5
3560 0 0 0
3555 0 0 0
3556 0 0 0
3554 0 0 0
3559 0 0 0
3553 0 0 0
3552 0 0 0
3551 0 0 0
3550 0 0 0
3557 0 0 0
3558 0 0 0
3560 0 0 0
3555 0 0 0
3556 398 0 0
3554 0 0 0
3559 0 0 0
3553 0 0 0
3552 0 0 0
3551 0 0 0
3550 0 0 0
3557 0 0 0
3558 0 0 0
3560 0 0 0
3555 0 0 0
3556 0 0 0
3554 0 0 0
3559 0 0 0
3553 0 0 0
3552 0 0 0
3551 0 0 0
3550 0 0 0
3557 0 0 0
3558 0 0 0
3560 0 0 0
3555 0 0 0
3556 0 0 0
3554 0 0 0
3559 398 0 0
3553 0 0 0
3552 0 0 0
3551 0 0 0
3550 0 0 0
3557 398 0 0
3558 0 0 0
3560 0 0 0
3555 0 0 0
3556 0 0 0
3554 398 0 0
3559 0 0 0
3553 0 0 0
3552 0 0 0
3551 0 0 0
3550 398 0 0
3557 0 0 0
3558 0 0 0
3560 398 0 0
3555 398 0 0
3556 0 0 0
3554 0 0 0
3559 0 0 0
3553 398 0 0
3552 398 0 0
3551 398 0 0
3550 0 0 0
3557 0 0 0
3558 0 0 0
3560 0 0 0
3555 0 0 0
3556 0 0 0
3554 0 0 0
3559 0 0 0
3553 0 0 0
3552 0 0 0
3551 0 0 0
3550 0 0 0
3557 0 0 0
3558 0 0 0
3560 0 0 0
3555 0 0 0
3556 0 0 0
3554 0 0 0
3559 0 0 0
3553 0 0 0
3552 0 0 0
3551 0 0 0
3550 0 0 0
3557 0 0 0
3558 0 0 0
3560 0 0 0
3555 0 0 0
3556 0 0 0
3554 0 0 0
3559 0 0 0
3553 0 0 0
3552 0 0 0
3551 0 0 0
3550 0 0 0
3557 0 0 0
3558 0 0 0
3560 0 0 0
3555 0 0 0
3556 0 0 0
3554 0 0 0
3559 0 0 0
3553 0 0 0
3552 0 0 0
3551 0 0 0
3550 0 0 0
3557 0 0 0
3558 0 0 0
3560 0 0 0
3555 0 0 0
3556 0 0 0
3554 0 0 0
3559 0 0 0
3553 0 0 0
3552 0 0 0
3551 0 0 0
3550 0 0 0
3557 0 0 0
3558 0 0 0
3560 0 0 0
3555 0 0 0
3556 0 0 0
3554 0 0 0
3559 0 0 0
3553 0 0 0
3552 0 0 0
3551 0 0 0
3550 0 0 0
3557 0 0 0
3558 0 0 0
3560 0 0 0
3555 0 0 0
3556 0 0 0
3554 0 0 0
3559 0 0 0
3553 0 0 0
3552 0 0 0
3551 0 0 0
3550 0 0 0
3557 0 0 0
3558 0 0 0
3560 0 0 0
3555 0 0 0
3556 0 0 0
3554 0 0 0
3559 0 0 0
3553 0 0 0
3552 0 0 0
3551 0 0 0
3550 0 0 0
3557 0 0 0
3558 0 0 0
3560 0 0 0
3555 0 0 0
3556 0 0 0
3554 0 0 0
3559 0 0 0
3553 0 0 0
3552 0 0 0
3551 0 0 0
3550 0 0 0
3557 0 0 0
3558 0 0 0
3560 0 0 0
3555 0 0 0
3556 0 0 0
3554 0 0 0
3559 0 0 0
3553 0 0 0
3552 0 0 0
3551 0 0 0
3550 0 0 0
3557 0 0 0
3558 0 0 0
3560 0 0 0
3555 0 0 0
3556 0 0 0
3554 0 0 0
3559 0 0 0
3553 0 0 0
3552 0 0 0
3551 0 0 0
3550 0 0 0
3557 0 0 0
3558 0 0 0
3560 0 0 0
3555 0 0 0
3556 0 0 0
3554 0 0 0
3559 0 0 0
3553 0 0 0
3552 0 0 0
3551 0 0 0
3550 0 0 0
3557 0 0 0
3558 0 0 0
3560 0 0 0
3555 0 0 0
3556 0 0 0
3554 0 0 0
3559 0 0 0
3553 0 0 0
3552 0 0 0
3551 0 0 0
3550 0 0 0
3557 0 0 0
3558 347 0 0
3560 0 0 0
3555 0 0 0
3556 0 0 0
3554 0 0 0
3559 0 0 0
3553 0 0 0
3552 0 0 0
3551 0 0 0
3550 0 0 0
3557 0 0 0
3558 0 0 0
3560 0 0 0
3555 0 0 0
3556 347 0 0
3554 0 0 0
3559 0 0 0
3553 0 0 0
3552 0 0 0
3551 0 0 0
3550 0 0 0
3557 0 0 0
3558 0 0 0
3560 0 0 0
3555 0 0 0
3556 0 0 0
3554 0 0 0
3559 0 0 0
3553 0 0 0
3552 0 0 0
3551 0 0 0
3550 0 0 0
3557 0 0 0
3558 0 0 0
3560 0 0 0
3555 0 0 0
3556 0 0 0
3554 0 0 0
3559 347 0 5
3553 0 0 0
3552 0 0 0
3551 0 0 0
3550 0 0 0
3557 347 0 0
3558 0 0 0
3560 0 0 0
3555 0 0 0
3556 0 0 0
3554 347 0 0
3559 0 0 0
3553 0 0 0
3552 0 0 0
3551 0 0 0
3550 347 0 0
3557 0 0 0
3558 0 0 0
3560 347 0 0
3555 347 0 0
3556 0 0 0
3554 0 0 0
3559 0 0 0
3553 347 0 0
3552 347 0 0
3551 347 0 0
3550 0 0 0
3557 0 0 0
3558 0 0 0
3560 0 0 0
3555 0 0 0
3556 0 0 0
3554 0 0 0
3559 0 0 0
3553 0 0 0
3552 0 0 0
3551 0 0 0
3550 0 0 0
3557 0 0 0
3558 0 0 0
3560 0 0 0
3555 0 0 0
3556 0 0 0
3554 0 0 0
3559 0 0 0
3553 0 0 0
3552 0 0 0
3551 0 0 0
3550 0 0 0
3557 0 0 0
3558 0 0 0
3560 0 0 0
3555 0 0 0
3556 0 0 0
3554 0 0 0
3559 0 0 0
3553 0 0 0
3552 0 0 0
3551 0 0 0
3550 0 0 0
3557 0 0 0
3558 0 0 0
3560 0 0 0
3555 0 0 0
3556 0 0 0
3554 0 0 0
3559 0 0 0
3553 0 0 0
3552 0 0 0
3551 0 0 0
3550 0 0 0
3557 0 0 0
3558 0 0 0
3560 0 0 0
3555 0 0 0
3556 0 0 0
3554 0 0 0
3559 0 0 0
3553 0 0 0
3552 0 0 0
3551 0 0 0
3550 0 0 0
3557 0 0 0
3558 0 0 0
3560 0 0 0
3555 0 0 0
3556 0 0 0
3554 0 0 0
3559 0 0 0
3553 0 0 0
3552 0 0 0
3551 0 0 0
3550 0 0 0
3557 0 0 0
3558 0 0 0
3560 0 0 0
3555 0 0 0
3556 0 0 0
3554 0 0 0
3559 0 0 0
3553 0 0 0
3552 0 0 0
3551 0 0 0
3550 0 0 0
3557 0 0 0
3558 0 0 0
3560 0 0 0
3555 0 0 0
3556 0 0 0
3554 0 0 0
3559 0 0 0
3553 0 0 0
3552 0 0 0
3551 0 0 0
3550 0 0 0
3557 0 0 0
3558 0 0 0
3560 0 0 0
3555 0 0 0
3556 0 0 0
3554 0 0 0
3559 0 0 0
3553 0 0 0
3552 0 0 0
3551 0 0 0
3550 0 0 0
3557 0 0 0
3558 0 0 0
3560 0 0 0
3555 0 0 0
3556 0 0 0
3554 0 0 0
3559 0 0 0
3553 0 0 0
3552 0 0 0
3551 0 0 0
3550 0 0 0
3557 0 0 0
3558 0 0 0
3560 0 0 0
3555 0 0 0
3556 0 0 0
3554 0 0 0
3559 0 0 0
3553 0 0 0
3552 0 0 0
3551 0 0 0
3550 0 0 0
3557 0 0 0
3558 0 0 0
3560 0 0 0
3555 0 0 0
3556 0 0 0
3554 0 0 0
3559 0 0 0
3553 0 0 0
3552 0 0 0
3551 0 0 0
3550 0 0 0
3557 0 0 0
3558 0 0 0
3560 0 0 0
3555 0 0 0
3556 0 0 0
3554 0 0 0
3559 0 0 0
3553 0 0 0
3552 0 0 0
3551 0 0 0
3550 0 0 0
3557 0 0 0
3558 249 0 0
3560 0 0 0
3555 0 0 0
3556 0 0 0
3554 0 0 0
3559 0 0 0
3553 0 0 0
3552 0 0 0
3551 0 0 0
3550 0 0 0
3557 0 0 0
3558 0 0 0
3560 0 0 0
3555 0 0 0
3556 249 0 0
3554 0 0 0
3559 0 0 0
3553 0 0 0
3552 0 0 0
3551 0 0 0
3550 0 0 0
3557 0 0 0
3558 0 0 0
3560 0 0 0
3555 0 0 0
3556 0 0 0
3554 0 0 0
3559 0 0 0
3553 0 0 0
3552 0 0 0
3551 0 0 0
3550 0 0 0
3557 0 0 0
3558 0 0 0
3560 0 0 0
3555 0 0 0
3556 0 0 0
3554 0 0 0
3559 249 0 0
3553 0 0 0
3552 0 0 0
3551 0 0 0
3550 0 0 0
3557 249 0 0
3558 0 0 0
3560 0 0 0
3555 0 0 0
3556 0 0 0
3554 249 0 0
3559 0 0 0
3553 0 0 0
3552 0 0 0
3551 0 0 0
3550 249 0 0
3557 0 0 0
3558 0 0 0
3560 249 0 0
3555 249 0 0
3556 0 0 0
3554 0 0 0
3559 0 0 0
3553 249 0 0
3552 249 0 0
3551 249 0 0
3550 0 0 0
3557 0 0 0
3558 0 0 0
3560 0 0 0
3555 0 0 0
3556 0 0 0
3554 0 0 0
3559 0 0 0
3553 0 0 0
3552 0 0 0
3551 0 0 0
3550 0 0 0
3557 0 0 0
3558 0 0 0
3560 0 0 0
3555 0 0 0
3556 0 0 0
3554 0 0 0
3559 0 0 0
3553 0 0 0
3552 0 0 0
3551 0 0 0
3550 0 0 0
3557 0 0 0
3558 0 0 0
3560 0 0 0
3555 0 0 0
3556 0 0 0
3554 0 0 0
3559 0 0 0
3553 0 0 0
3552 0 0 0
3551 0 0 0
3550 0 0 0
3557 0 0 0
3558 0 0 0
3560 0 0 0
3555 0 0 0
3556 0 0 0
3554 0 0 0
3559 0 0 0
3553 0 0 0
3552 0 0 0
3551 0 0 0
3550 0 0 0
3557 0 0 0
3558 0 0 0
3560 0 0 0
3555 0 0 0
3556 0 0 0
3554 0 0 0
3559 0 0 0
3553 0 0 0
3552 0 0 0
3551 0 0 0
3550 0 0 0
3557 0 0 0
3558 0 0 0
3560 0 0 0
3555 0 0 0
3556 0 0 0
3554 0 0 0
3559 0 0 0
3553 0 0 0
3552 0 0 0
3551 0 0 0
3550 0 0 0
3557 0 0 0
3558 0 0 0
3560 0 0 0
3555 0 0 0
3556 0 0 0
3554 0 0 0
3559 0 0 0
3553 0 0 0
3552 0 0 0
3551 0 0 0
3550 0 0 0
3557 0 0 0
3558 0 0 0
3560 0 0 0
3555 0 0 0
3556 0 0 0
3554 0 0 0
3559 0 0 0
3553 0 0 0
3552 0 0 0
3551 0 0 0
3550 0 0 0
3557 0 0 0
3558 0 0 0
3560 0 0 0
3555 0 0 0
3556 0 0 0
3554 0 0 0
3559 0 0 0
3553 0 0 0
3552 0 0 0
3551 0 0 0
3550 0 0 0
3557 0 0 0
3558 0 0 0
3560 0 0 0
3555 0 0 0
3556 0 0 0
3554 0 0 0
3559 0 0 0
3553 0 0 0
3552 0 0 0
3551 0 0 0
3550 0 0 0
3557 0 0 0
3558 0 0 0
3560 0 0 0
3555 0 0 0
3556 0 0 0
3554 0 0 0
3559 0 0 0
3553 0 0 0
3552 0 0 0
3551 0 0 0
3550 0 0 0
3557 0 0 0
3558 0 0 0
3560 0 0 0
3555 0 0 0
3556 0 0 0
3554 0 0 0
3559 0 0 0
3553 0 0 0
3552 0 0 0
3551 0 0 0
3550 0 0 0
3557 0 0 0
3558 0 0 0
3560 0 0 0
3555 0 0 0
3556 0 0 0
3554 0 0 0
3559 0 0 0
3553 0 0 0
3552 0 0 0
3551 0 0 0
3550 0 0 0
3557 0 0 0
3558 237 0 0
3560 0 0 0
3555 0 0 0
3556 0 0 0
3554 0 0 0
3559 0 0 0
3553 0 0 0
3552 0 0 0
3551 0 0 0
3550 0 0 0
3557 0 0 0
3558 0 0 0
3560 0 0 0
3555 0 0 0
3556 237 0 0
3554 0 0 0
3559 0 0 0
3553 0 0 0
3552 0 0 0
3551 0 0 0
3550 0 0 0
3557 0 0 0
3558 0 0 0
3560 0 0 0
3555 0 0 0
3556 0 0 0
3554 0 0 0
3559 0 0 0
3553 0 0 0
3552 0 0 0
3551 0 0 0
3550 0 0 0
3557 0 0 0
3558 0 0 0
3560 0 0 0
3555 0 0 0
3556 0 0 0
3554 0 0 0
3559 237 0 0
3553 0 0 0
3552 0 0 0
3551 0 0 0
3550 0 0 0
3557 237 0 0
3558 0 0 0
3560 0 0 0
3555 0 0 0
3556 0 0 0
3554 237 0 0
3559 0 0 0
3553 0 0 0
3552 0 0 0
3551 0 0 0
3550 237 0 0
3557 0 0 0
3558 0 0 0
3560 237 0 0
3555 237 0 0
3556 0 0 0
3554 0 0 0
3559 0 0 0
3553 237 0 0
3552 237 0 0
3551 237 0 0
3550 0 0 0
3557 0 0 0
3558 0 0 0
3560 0 0 0
3555 0 0 0
3556 0 0 0
3554 0 0 0
3559 0 0 0
3553 0 0 0
3552 0 0 0
3551 0 0 0
3550 0 0 0
3557 0 0 0
3558 0 0 0
3560 0 0 0
3555 0 0 0
3556 0 0 0
3554 0 0 0
3559 0 0 0
3553 0 0 0
3552 0 0 0
3551 0 0 0
3550 0 0 0
3557 0 0 0
3558 0 0 0
3560 0 0 0
3555 0 0 0
3556 0 0 0
3554 0 0 0
3559 0 0 0
3553 0 0 0
3552 0 0 0
3551 0 0 0
3550 0 0 0
3557 0 0 0
3558 0 0 0
3560 0 0 0
3555 0 0 0
3556 0 0 0
3554 0 0 0
3559 0 0 0
3553 0 0 0
3552 0 0 0
3551 0 0 0
3550 0 0 0
3557 0 0 0
3558 0 0 0
3560 0 0 0
3555 0 0 0
3556 0 0 0
3554 0 0 0
3559 0 0 0
3553 0 0 0
3552 0 0 0
3551 0 0 0
3550 0 0 0
3557 0 0 0
3558 0 0 0
3560 0 0 0
3555 0 0 0
3556 0 0 0
3554 0 0 0
3559 0 0 0
3553 0 0 0
3552 0 0 0
3551 0 0 0
3550 0 0 0
3557 0 0 0
3558 0 0 0
3560 0 0 0
3555 0 0 0
3556 0 0 0
3554 0 0 0
3559 0 0 0
3553 0 0 0
3552 0 0 0
3551 0 0 0
3550 0 0 0
3557 0 0 0
3558 0 0 0
3560 0 0 0
3555 0 0 0
3556 0 0 0
3554 0 0 0
3559 0 0 0
3553 0 0 0
3552 0 0 0
3551 0 0 0
3550 0 0 0
3557 0 0 0
3558 0 0 0
3560 0 0 0
3555 0 0 0
3556 0 0 0
3554 0 0 0
3559 0 0 0
3553 0 0 0
3552 0 0 0
3551 0 0 0
3550 0 0 0
3557 0 0 0
3558 0 0 0
3560 0 0 0
3555 0 0 0
3556 0 0 0
3554 0 0 0
3559 0 0 0
3553 0 0 0
3552 0 0 0
3551 0 0 0
3550 0 0 0
3557 0 0 0
3558 0 0 0
3560 0 0 0
3555 0 0 0
3556 0 0 0
3554 0 0 0
3559 0 0 0
3553 0 0 0
3552 0 0 0
3551 0 0 0
3550 0 0 0
3557 0 0 0
3558 0 0 0
3560 0 0 0
3555 0 0 0
3556 0 0 0
3554 0 0 0
3559 0 0 0
3553 0 0 0
3552 0 0 0
3551 0 0 0
3550 0 0 0
3557 0 0 0
3558 0 0 0
3560 0 0 0
3555 0 0 0
3556 0 0 0
3554 0 0 0
3559 0 0 0
3553 0 0 0
3552 0 0 0
3551 0 0 0
3550 0 0 0
3557 0 0 0
3558 0 0 5
3560 0 0 0
3555 0 0 0
3556 0 0 0
3554 0 0 0
3559 0 0 0
3553 0 0 0
3552 0 0 0
3551 0 0 0
3550 0 0 0
3557 0 0 0
3560 0 0 0
3555 0 0 0
3556 0 0 10
3554 0 0 0
3559 0 0 0
3553 0 0 0
3552 0 0 0
3551 0 0 0
3550 0 0 0
3557 0 0 0
3560 0 0 0
3555 0 0 0
3554 0 0 0
3559 0 0 0
3553 0 0 0
3552 0 0 0
3551 0 0 0
3550 0 0 0
3557 0 0 0
3560 0 0 0
3555 0 0 0
3554 0 0 0
3559 0 0 15
3553 0 0 0
3552 0 0 0
3551 0 0 0
3550 0 0 0
3557 0 0 0
3560 0 0 0
3555 0 0 0
3554 0 0 10
3553 0 0 0
3552 0 0 0
3551 0 0 0
3550 0 0 0
3557 1 0 0
3560 1 0 0
3555 0 0 10
3553 1 0 0
3552 1 0 0
3551 0 0 5
3550 0 0 5
read 4250 profiled data
